0.027376878107879695
-0.009938151316301515
-0.013516075149553478
-0.007568504397586995
-0.009328840723621667
-0.00011915902074674832
9.828035707075968e-05
0.0018724892282744308
0.0017188977111212396
0.016409916835819088
0.02323499085855365
0.027122637445460146
0.02811853647204964
0.024844241771421086
0.03344998229648778
0.04118034378945616
0.0393756501882675
0.04842562451791002
0.07537382847262458
0.03435389462365957
0.013944851489295007
0.05007803857778908
-0.013518378625814743
0.10185338430268467
-0.0348895237852369
-0.041064446908577315
0.2449496383904163
0.5608682223966927
-0.05003162929694123
-0.045379206449848705
-0.04565234077537413
0.01564592542875495
0.10331516964775067
0.0014508649162496498
-0.024809932944328494
0.06659903224566852
0.25494415951859495
0.05214725976123705
0.023813083188313964
0.0860921525350412
-0.000749684174431729
-0.0066377534711610136
-0.029057964663139292
0.04917478822005
0.030637793470574107
-0.08504228694580339
-0.003881144061575443
-0.024888331439604068
-0.02300959463266532
-0.02497398265125042
0.0036092687076501877
-0.014753989701484008
-0.058598464772425744
-0.00907549404250166
0.15244959139227204
0.0024450919878102402
-0.01588573896918675
0.000535324330053245
-0.007996303513125276
0.006622839179832193
-0.013994991609510895
-0.03681403285240426
0.008105533675049565
0.11308632247394074
0.008647605218138003
0.004412926135208911
-0.007370491686829567
-0.011510418547948558
-0.011390417581262054
-0.02881176150461586
-0.03035293387957443
0.010855876616403576
0.09541139982439648
-0.009397567727710358
0.009937774524469973
0.008074165729128243
-0.00266782261100509
-0.013502200755275208
0.01503031090439626
-0.000652414837754697
-0.017333787528803782
0.06745141529596846
0.0016503468068173194
0.02215580611905366
0.030078346690759594
-0.05189731893981819
0.045001884388947394
0.1910242962077327
-0.33749345274542164
0.0853653890954246
0.824967764119917
0.02514784982669607
0.0033900490552959623
-0.05779579699750429
-0.008271365898357244
-0.03729184483340349
0.051414199743011646
0.0034189643012869867
-0.03100340535854799
-0.0886299763336701
0.0053947900591337725
0.004138142535673114
-0.004802727772040471
-0.010458110538125318
-0.01022717130527768
-0.003875941171510897
-0.009338421172362856
0.0036845379430002693
0.009547074237834867
-0.07804798929082422
0.08556154410060827
-0.0141708444194338
-0.03571470917166496
-0.0004680572096686168
0.018437150272991202
-0.05207471145765263
0.06632452995509942
0.21914409917846225
0.02139474107293979
0.01748495542484179
0.01864889672141353
0.017713971646098847
0.04081749773551155
0.04191649231010317
0.03324020258006664
0.044605972194018476
0.08490224500396422
-0.0005541123595661805
0.002987314278591797
-0.0009363986706609963
0.002298874955483708
0.00037766688673159627
0.0017193071129292061
-0.002514546210864093
0.0011011330367576377
0.000533252724732934
-0.0017574468575588644
-0.000661102818378848
0.0006575143158360558
-0.002532903927971579
0.0009751794774472537
0.0003068738443401074
-0.0004901735028658626
-0.0028674215177323936
0.0004995306173721368
-0.028635807670441365
-0.003186021467070118
0.017803927994838535
-0.004349720448063496
-0.002626293233245374
-0.013152286327846709
-0.04771548142691282
-0.0527319662373474
-0.03073562818751175
-0.0392721313697891
0.0014719275108729015
-0.04381849474216799
-0.03616583677273611
0.006778011205940624
0.055448827997354726
-0.03387686270531368
-0.06226980755133426
-0.004612519531995304
